35
42
47
58
59
60
61
65
83
84
88
90
108
121
122
167
259
289
291
292
299
303
322
360
386
387
418
481
515
516
639
640
641
642
709
710
711
712
720
721
722
723
725
726
727
728
731
742
774
780
805
840
869
901
1029
1093
1125
1157
1255
1257
1285
1286
1349
1367
1368
1381
1382
1413
1477
1478
1541
1543
1544
1609
1612
1613
1614
1615
1616
1617
1618
1619
1621
1622
1623
1624
1625
1626
1627
1628
1629
1630
1631
1632
1633
1634
1635
1636
1637
1638
1639
1642
1643
1644
1645
1646
1648
1649
1650
1651
1652
1653
1654
1658
1659
1660
1661
1665
1672
1673